PNG Image Analysis Report
===================================================

File: BoardBorder.png
Dimensions: 992x992 pixels
Color Mode: RGBA
File Size: 6182 bytes
Unique Colors (16):
  1. RGBA(0, 0, 1, 129)
  2. RGBA(6, 75, 255, 243)
  3. RGBA(21, 32, 88, 205)
  4. RGBA(33, 21, 5, 194)
  5. RGBA(44, 228, 113, 237)
  6. RGBA(50, 155, 69, 192)
  7. RGBA(61, 108, 189, 217)
  8. RGBA(69, 148, 209, 209)
  9. RGBA(169, 13, 5, 193)
  10. RGBA(169, 156, 186, 139)
  11. RGBA(174, 96, 210, 156)
  12. RGBA(191, 168, 133, 143)
  13. RGBA(214, 166, 30, 184)
  14. RGBA(233, 0, 23, 151)
  15. RGBA(240, 99, 77, 131)
  16. RGBA(240, 224, 249, 172)
------------------------------

File: BoardGrid.png
Dimensions: 912x912 pixels
Color Mode: RGBA
File Size: 8068 bytes
Unique Colors (16):
  1. RGBA(0, 0, 1, 129)
  2. RGBA(33, 21, 5, 194)
  3. RGBA(33, 144, 12, 180)
  4. RGBA(36, 155, 35, 141)
  5. RGBA(44, 228, 113, 237)
  6. RGBA(119, 13, 5, 193)
  7. RGBA(124, 72, 197, 251)
  8. RGBA(136, 59, 151, 138)
  9. RGBA(142, 200, 92, 143)
  10. RGBA(144, 231, 168, 130)
  11. RGBA(156, 78, 175, 207)
  12. RGBA(169, 175, 32, 147)
  13. RGBA(174, 96, 210, 156)
  14. RGBA(195, 196, 151, 209)
  15. RGBA(219, 214, 163, 143)
  16. RGBA(233, 0, 31, 159)
------------------------------

File: FantomApple.png
Dimensions: 28x28 pixels
Color Mode: RGBA
File Size: 169 bytes
Unique Colors (16):
  1. RGBA(0, 0, 1, 129)
  2. RGBA(28, 193, 234, 227)
  3. RGBA(33, 21, 5, 194)
  4. RGBA(42, 13, 5, 193)
  5. RGBA(58, 9, 100, 232)
  6. RGBA(68, 32, 148, 148)
  7. RGBA(88, 254, 186, 136)
  8. RGBA(107, 169, 135, 134)
  9. RGBA(130, 5, 31, 134)
  10. RGBA(134, 102, 238, 140)
  11. RGBA(174, 96, 210, 156)
  12. RGBA(179, 198, 29, 213)
  13. RGBA(195, 127, 23, 148)
  14. RGBA(209, 23, 157, 148)
  15. RGBA(232, 71, 241, 247)
  16. RGBA(233, 0, 0, 128)
------------------------------

File: GreenApple.png
Dimensions: 28x28 pixels
Color Mode: RGBA
File Size: 210 bytes
Unique Colors (16):
  1. RGBA(0, 0, 1, 129)
  2. RGBA(7, 210, 113, 147)
  3. RGBA(28, 193, 234, 227)
  4. RGBA(33, 21, 5, 194)
  5. RGBA(62, 86, 224, 167)
  6. RGBA(69, 235, 253, 180)
  7. RGBA(79, 135, 31, 152)
  8. RGBA(103, 62, 31, 231)
  9. RGBA(140, 211, 119, 165)
  10. RGBA(170, 97, 142, 239)
  11. RGBA(174, 96, 210, 156)
  12. RGBA(197, 13, 5, 193)
  13. RGBA(222, 115, 201, 137)
  14. RGBA(233, 0, 0, 128)
  15. RGBA(236, 234, 125, 168)
  16. RGBA(255, 135, 200, 252)
------------------------------

File: Portal.png
Dimensions: 28x28 pixels
Color Mode: RGBA
File Size: 131 bytes
Unique Colors (16):
  1. RGBA(0, 0, 1, 129)
  2. RGBA(3, 40, 112, 147)
  3. RGBA(28, 193, 234, 227)
  4. RGBA(33, 21, 5, 194)
  5. RGBA(38, 181, 152, 142)
  6. RGBA(80, 196, 61, 136)
  7. RGBA(82, 139, 73, 168)
  8. RGBA(92, 45, 16, 131)
  9. RGBA(92, 105, 45, 133)
  10. RGBA(116, 13, 5, 193)
  11. RGBA(146, 20, 61, 168)
  12. RGBA(156, 135, 55, 200)
  13. RGBA(174, 96, 210, 156)
  14. RGBA(176, 152, 35, 132)
  15. RGBA(181, 152, 212, 218)
  16. RGBA(233, 0, 0, 128)
------------------------------

File: RedApple.png
Dimensions: 28x28 pixels
Color Mode: RGBA
File Size: 217 bytes
Unique Colors (16):
  1. RGBA(0, 0, 1, 129)
  2. RGBA(28, 193, 234, 227)
  3. RGBA(33, 21, 5, 194)
  4. RGBA(60, 29, 254, 224)
  5. RGBA(98, 57, 29, 190)
  6. RGBA(101, 205, 212, 224)
  7. RGBA(116, 168, 195, 207)
  8. RGBA(116, 230, 115, 247)
  9. RGBA(152, 170, 145, 190)
  10. RGBA(162, 25, 230, 254)
  11. RGBA(174, 96, 210, 156)
  12. RGBA(185, 52, 53, 205)
  13. RGBA(218, 13, 5, 193)
  14. RGBA(219, 193, 13, 141)
  15. RGBA(233, 0, 0, 128)
  16. RGBA(238, 215, 188, 148)
------------------------------

File: Snake.png
Dimensions: 252x140 pixels
Color Mode: RGBA
File Size: 1480 bytes
Unique Colors (16):
  1. RGBA(0, 0, 1, 129)
  2. RGBA(5, 189, 95, 243)
  3. RGBA(17, 231, 246, 133)
  4. RGBA(31, 125, 111, 130)
  5. RGBA(33, 21, 5, 194)
  6. RGBA(44, 228, 113, 237)
  7. RGBA(61, 57, 103, 214)
  8. RGBA(81, 31, 231, 224)
  9. RGBA(150, 219, 202, 171)
  10. RGBA(169, 40, 129, 172)
  11. RGBA(174, 96, 210, 156)
  12. RGBA(175, 11, 8, 225)
  13. RGBA(192, 193, 212, 131)
  14. RGBA(203, 13, 5, 193)
  15. RGBA(226, 84, 62, 213)
  16. RGBA(233, 0, 5, 133)
------------------------------

File: Wall_1.png
Dimensions: 28x28 pixels
Color Mode: RGBA
File Size: 191 bytes
Unique Colors (16):
  1. RGBA(0, 0, 1, 129)
  2. RGBA(28, 193, 234, 227)
  3. RGBA(30, 133, 20, 144)
  4. RGBA(33, 21, 5, 194)
  5. RGBA(45, 66, 98, 191)
  6. RGBA(48, 13, 5, 193)
  7. RGBA(63, 7, 144, 244)
  8. RGBA(88, 95, 116, 210)
  9. RGBA(102, 141, 155, 138)
  10. RGBA(133, 166, 166, 188)
  11. RGBA(143, 165, 30, 152)
  12. RGBA(156, 242, 63, 163)
  13. RGBA(174, 96, 210, 156)
  14. RGBA(232, 36, 144, 162)
  15. RGBA(233, 0, 0, 128)
  16. RGBA(255, 86, 39, 133)
------------------------------

File: Wall_2.png
Dimensions: 28x28 pixels
Color Mode: RGBA
File Size: 196 bytes
Unique Colors (16):
  1. RGBA(0, 0, 1, 129)
  2. RGBA(1, 228, 186, 199)
  3. RGBA(28, 193, 234, 227)
  4. RGBA(33, 21, 5, 194)
  5. RGBA(55, 13, 5, 193)
  6. RGBA(68, 32, 214, 214)
  7. RGBA(97, 27, 167, 187)
  8. RGBA(102, 71, 192, 201)
  9. RGBA(118, 178, 119, 180)
  10. RGBA(143, 0, 71, 143)
  11. RGBA(174, 96, 210, 156)
  12. RGBA(195, 177, 232, 164)
  13. RGBA(206, 160, 30, 152)
  14. RGBA(232, 164, 18, 160)
  15. RGBA(233, 0, 0, 128)
  16. RGBA(237, 153, 55, 198)
------------------------------

File: Wall_3.png
Dimensions: 28x28 pixels
Color Mode: RGBA
File Size: 198 bytes
Unique Colors (16):
  1. RGBA(0, 0, 1, 129)
  2. RGBA(0, 185, 110, 145)
  3. RGBA(11, 154, 154, 242)
  4. RGBA(28, 193, 234, 227)
  5. RGBA(33, 21, 5, 194)
  6. RGBA(36, 67, 190, 189)
  7. RGBA(44, 177, 93, 209)
  8. RGBA(49, 71, 39, 144)
  9. RGBA(123, 230, 140, 144)
  10. RGBA(142, 3, 235, 207)
  11. RGBA(174, 96, 210, 156)
  12. RGBA(198, 41, 255, 177)
  13. RGBA(201, 13, 5, 193)
  14. RGBA(209, 36, 119, 160)
  15. RGBA(233, 0, 0, 128)
  16. RGBA(234, 79, 140, 173)
------------------------------

File: Wall_4.png
Dimensions: 28x28 pixels
Color Mode: RGBA
File Size: 204 bytes
Unique Colors (16):
  1. RGBA(0, 0, 1, 129)
  2. RGBA(28, 193, 234, 227)
  3. RGBA(33, 21, 5, 194)
  4. RGBA(44, 58, 175, 134)
  5. RGBA(53, 237, 204, 197)
  6. RGBA(58, 99, 170, 228)
  7. RGBA(58, 243, 121, 187)
  8. RGBA(63, 7, 144, 244)
  9. RGBA(66, 34, 117, 213)
  10. RGBA(80, 15, 115, 255)
  11. RGBA(107, 230, 62, 162)
  12. RGBA(158, 8, 141, 132)
  13. RGBA(167, 252, 15, 200)
  14. RGBA(174, 96, 210, 156)
  15. RGBA(207, 13, 5, 193)
  16. RGBA(233, 0, 0, 128)
------------------------------

File: WaterBubble.png
Dimensions: 28x28 pixels
Color Mode: RGBA
File Size: 194 bytes
Unique Colors (16):
  1. RGBA(0, 0, 1, 129)
  2. RGBA(28, 193, 234, 227)
  3. RGBA(33, 21, 5, 194)
  4. RGBA(45, 119, 19, 218)
  5. RGBA(53, 13, 5, 193)
  6. RGBA(62, 255, 91, 220)
  7. RGBA(64, 199, 114, 189)
  8. RGBA(68, 32, 170, 170)
  9. RGBA(86, 80, 20, 248)
  10. RGBA(97, 142, 78, 161)
  11. RGBA(112, 155, 117, 231)
  12. RGBA(162, 3, 112, 143)
  13. RGBA(174, 96, 210, 156)
  14. RGBA(202, 114, 235, 198)
  15. RGBA(209, 5, 146, 137)
  16. RGBA(233, 0, 0, 128)
------------------------------

SUMMARY
=====================
Total PNG files: 12
Valid images: 12
Average size: 200x191 pixels
